Year	ContigN50
2019	2.48
2019	11840.00
2020	773.17
2019	5500.00
2013	58.86
2019	539.20
2017	93.00
2013	4.51
2020	315.00
2020	194.00
2019	39.23
2018	5.00
2020	2260.00
2017	1250.00
2016	32.80
2014	1.88
2020	2540.00
2019	1700.00
2013	29.30
2018	2760.00
2020	9700.00
2019	427.00
2015	126.50
2019	17.04
2020	5140.00
2018	388.86
2020	4019.00
2020	1700.00
2020	1800.00
2020	155.50
2020	796.00
2019	730.00
2020	790.58
2020	13.00
2017	80.10
2014	14.60
2020	1100.00
2018	110.90
2020	2200.00
2020	60.63
2011	227.40
2018	12300.00
2016	29.60
2019	1510.00
2019	1500.00
2019	211.00
2018	8.07
2018	106.66
2020	1270.00
2020	6.25
2020	43.65
2018	18.95
2019	17.00
2019	27.00
2016	2.32
2017	88.17
2020	1370.00
2017	23.90
2020	1114.00
2019	8.38
2019	4310.37
2019	1314.22
2020	44.84
2020	8.80
2012	0.74
2018	964.70
2017	14.30
2018	29.00
2019	271.00
2019	176.00
2014	26.50
2012	5.08
2019	3.71
2019	4.09
2015	11.20
2019	1.88
2018	85.29
2018	22.62
2017	3.70
2018	1000.00
2019	24.04
2020	4.25
2020	5000.00
2020	1545.00
2020	1224.00
2020	1096.00
2020	2021.00
2020	1254.00
2020	2734.00
2020	1084.00
2020	1215.00
2020	1211.00
2020	1281.00
2020	1376.00
2020	1207.00
2020	1276.00
2020	1182.00
2020	1334.00
2020	1092.00
2020	1218.00
2020	1643.00
2020	1954.00
2020	1478.00
2020	1072.00
2020	1261.00
2020	1680.00
2020	1296.00
2020	1307.00
2020	2292.00
2020	3037.00
2020	1952.00
2020	1062.00
2020	1210.00
2020	1342.00
2020	1064.00
2020	2312.00
2020	1531.00
2020	1490.00
2020	1621.00
2020	1091.00
2020	1249.00
2020	1401.00
2020	1307.00
2020	1998.00
2020	1137.00
2020	1692.00
2020	1544.00
2020	1228.00
2020	2269.00
2020	2759.00
2020	1409.00
2020	2304.00
2020	983.00
2020	1171.00
2020	1243.00
2020	1686.00
2020	1334.00
2020	1254.00
2020	1982.00
2020	1807.00
2000-2010	347.80
2020	1120.00
2020	89000.00
2020	20949.00
2020	1545.00
2020	1555.00
2020	2040.00
2020	3672.00
2020	3144.00
2020	294.00
2020	25.90
2020	5700.00
2016	61.00
2020	1640.00
2019	44.00
2017	197.00
2014	38.90
2020	1480.00
2016	31.00
2019	2110.00
2018	9500.00
2014	26.90
2020	2830.00
2020	2820.00
2018	5520.00
2018	1450.00
2011	27.29
2019	171.17
2020	24.00
2011	21.95
2018	99.30
2020	7500.00
2017	48.58
2019	2.15
2020	38.70
2014	32.17
2020	271.33
2020	600.46
2018	67.07
2017	20.00
2017	107.00
2020	187.00
2020	513.57
2017	37.96
2013	10.30
2013	134.10
2017	30.00
2014	55.40
2014	52.00
2014	30.00
2017	39.00
2017	50.30
2014	27.90
2000-2010	11.00
2017	20.40
2017	434.70
2020	35.32
2016	0.37
2019	101.58
2019	77.23
2019	6.01
2020	2830.00
2019	944.00
2018	466.70
2018	41.00
2019	324.00
2017	18.18
2020	1820.00
2020	64.68
2020	1560.00
2020	1560.00
2018	13.00
2018	15.00
2018	10.12
2019	236.00
2017	268.00
2017	1663.34
2016	14.51
2017	27.41
2020	2190.00
2020	2300.00
2016	25.01
2016	22.72
2016	9.53
2016	16.31
2014	35.10
2015	11.14
2017	2592.96
2000-2010	27.60
2019	43.06
2018	130.70
2013	23.54
2016	23.20
2018	900.00
2019	2300.00
2019	36.70
2012	26.38
2017	2200.00
2019	2210.00
2017	76.60
2017	46.50
2018	24.70
2012	49.89
2014	119.00
2020	1420.00
2019	1.51
2017	72.64
2020	89.00
2020	21.45
2018	12.18
2014	14.80
2018	204.06
2019	2240.00
2020	3190.00
2020	400.00
2020	1680.00
2014	20.80
2017	45.58
2017	16.60
2017	40.22
2019	604.00
2020	8.26
2020	78.80
2020	2070.00
2020	1980.00
2020	4690.00
2019	136.39
2020	3450.00
2020	714.00
2019	2860.00
2012	18.20
2019	858.00
2019	8900.00
2000-2010	19.80
2019	463.39
2017	40.70
2017	40.50
2017	110.10
2018	3630.00
2018	48.81
2020	2.44
2015	4.90
2016	17.50
2019	930.00
2018	89.56
2020	5920.00
2018	89.00
2018	4.19
2020	1354.00
2016	33.10
2014	25.12
2020	341.00
2013	16644.00
2020	1730.00
2020	83.70
2017	26.04
2020	35.00
2015	4500.00
2020	3200.00
2020	133.90
2020	2920.00
2019	890.84
2020	4.69
2018	1.87
2016	82.65
2020	705.00
2018	36.00
2017	7.21
2020	1570.00
2020	930.00
2020	1870.00
2018	313.81
2013	9.37
2013	8.45
2019	32.40
2016	8.26
2014	8.70
2019	791.00
2020	520.00
2020	1550.00
2014	0.83
2017	18.80
2020	1680.00
2014	20.76
2020	5020.00
2020	196.00
2019	7.21
2020	1500.00
2019	7.47
2019	4.16
2020	2550.00
2020	7280.00
2020	4770.00
2020	1730.00
2020	1290.00
2020	986.00
2020	1990.00
2020	636.00
2014	67.20
2020	4250.00
2020	1010.00
2020	4000.00
2020	3230.00
2020	2492.00
2020	5260.00
2020	2400.00
2020	5220.00
2020	3430.00
2020	11100.00
2020	653.00
2020	13160.00
2017	17.06
2018	377.36
2018	564.04
2020	4750.00
2018	74.65
2018	32.56
2017	550.70
2018	42.00
2019	823.00
2017	0.24
2020	492.00
2020	908.00
2018	1.89
2020	29.70
2020	7300.00
2019	10700.00
2014	3.31
2020	4000.00
2020	8510.00
2014	1.28
2020	2600.00
2014	1.29
2014	0.72
2017	7900.00
2020	3500.00
2019	80.00
2014	2.20
2020	7.31
2020	4.58
2020	3.26
2020	3.95
2020	4.35
2020	9.66
2020	5.96
2020	15.98
2020	4.04
2016	25.30
2020	5.55
2020	10.39
2020	4.18
2020	6.88
2020	2.76
2020	8.15
2020	5.41
2020	6.02
2020	2.65
2020	5.28
2020	7.45
2020	15.82
2020	1.99
2020	3.00
2020	5.44
2020	66.86
2020	1000.00
2020	110.03
2018	68.90
2019	10320.00
2013	5.79
2016	48.20
2018	62.61
2020	4340.00
2019	22600.00
2019	37.70
2019	419.00
2018	3460.00
2000-2010	189.40
2019	11.60
2019	3300.00
2014	24.20
2016	7.32
2018	25.02
2019	9920.00
2020	1832.00
2014	72.00
2020	1800.00
2019	77.00
2015	72.00
2020	9100.00
2020	1915.00
2020	783.90
2020	5020.00
2019	113.00
2015	34.00
2015	80.00
2020	28800.00
2020	2300.00
2019	6300.00
2012	135.60
2012	44.90
2020	10000.00
2019	7909.00
2019	3.75
2018	8.20
2020	12.47
2014	3.04
2019	1708.00
2017	46.15
2020	152.70
2017	96.80
2016	30.60
2020	2730.00
2016	30.00
2020	1560.00
2020	22.40
2017	5.94
2017	79.00
2015	18.07
2012	1.43
2014	0.64
2020	39.43
2020	1410.00
2019	2.83
2019	10.30
2017	5.65
2016	1870.00
2019	54.49
2018	62.80
2018	36.90
2020	1176.00
2019	4.30
2020	36.74
2019	364.90
2018	1010.00
2015	26.70
2000-2010	3.83
2018	34.60
2018	35.40
2018	32.21
2018	45.99
2020	1080.00
2016	46.15
2020	4340.00
2018	39.49
2020	5740.00
2019	28.90
2014	56.10
2020	2550.00
2018	32.00
2018	16.18
2017	36.00
2018	11210.00
2017	28.34
2020	447.85
2019	1.10
2018	50.25
2015	20.90
2019	39.32
2019	26.55
2016	81.00
2019	24.89
2018	3600.00
2018	1900.00
2020	59.00
2020	350.00
2020	131.00
2020	156.00
2012	20.13
2018	1430.00
2020	314.31
2020	607.34
2015	16.40
2020	2100.00
2017	5.05
2020	807.00
2020	2800.00
2020	786.13
2020	578.00
2020	9440.00
2019	5000.00
2020	1760.00
2020	8900.00
2020	5650.00
2013	5.81
2016	3.52
2020	1598.61
2019	1.49
2017	25.00
2019	4.86
2019	1218.69
2019	44.70
2020	3480.00
2020	18880.00
2020	2320.00
2019	6990.00
2017	620.00
2000-2010	13.40
2020	3500.00
2019	116.80
2019	97.58
2016	27.70
2014	19.00
2014	43.00
2017	265.90
2020	3860.00
2020	3920.00
2020	459.00
2017	3770.00
2020	65.48
2020	1810.00
2019	13.71
2019	19.32
2020	251.71
2016	31.88
2017	1210.50
2000-2010	158.00
2000-2010	79.10
2020	1.29
2020	1352.00
2018	11.00
2013	45.50
2017	52.00
2020	1590.00
2018	2.46
2020	33.10
2020	62.60
2020	16.10
2020	10000.00
2013	9.17
2018	2.55
2019	68.00
2018	45.26
2015	123.00
2020	2700.00
2013	5.72
2018	27.38
2012	43.10
2019	1830.00
2013	0.47
2016	33.90
2018	6490.00
2020	2001.00
2019	83.24
2020	484.30
2013	39.30
2013	38.80
2013	24.63
2017	90.40
2012	16.48
2018	28.10
2017	59.50
2014	27.90
2018	32.30
2018	14.40
2013	79.72
2014	345.17
2014	350.98
2014	385.89
2013	82.60
2018	28.40
2018	21.00
2019	19.01
2019	0.83
2019	2100.00
2020	112.74
2019	3620.00
2020	32.33
2018	27.00
2020	45.70
2020	48.30
2015	12.80
2015	2.56
2019	10.17
2019	13.09
2017	25.49
2016	52.30
2019	37.56
2020	35.95
2020	26.28
2015	2400.00
2018	18.90
2014	16.10
2018	15.13
2014	25.20
2018	31.90
2014	17.50
2020	43.90
2020	46.49
2015	12.50
2018	9.15
2016	159.00
2014	14.60
2018	37.69
2014	19.00
2018	43.04
2020	13200.00
2020	1100.00
2018	34.23
2016	211.00
2020	1200.00
2019	1400.00
2019	2210.00
2018	9640.00
2018	16970.00
2018	14560.00
2018	946.00
2017	1100.00
2016	188.00
2016	107.00
2000-2010	6.69
2018	1590.00
2000-2010	41.70
2018	21.96
2018	13.65
2017	3.17
2020	49.94
2017	21.98
2020	1120.00
2020	220.89
2017	16.00
2017	13.20
2018	1100.00
2018	8300.00
2019	2550.00
2019	369.00
2018	1770.00
2016	32.69
2020	70.16
2018	43.42
2017	2.34
2019	80.07
2019	11.70
2019	296.00
2016	95.17
2016	34.99
2014	20.60
2018	7.26
2020	5500.00
2014	39.50
2019	897.20
2013	195.40
2011	6.44
2020	29.48
2018	53.29
2013	11.88
2019	0.80
2019	5.16
2019	0.94
2018	464.90
2019	35.00
2013	4.87
2020	17.91
2015	6.76
2013	5.00
2020	10.01
2014	124.50
2016	4.25
2017	25.36
2014	8.21
2019	75.70
2020	51.20
2019	37.00
2020	3.50
2018	34.70
2016	0.42
2019	2.77
2020	842.80
2018	26.54
2019	1990.00
2020	2620.00
2013	40.40
2020	57.70
2017	14.00
2020	1940.00
2000-2010	126.00
2018	16.24
2015	9.50
2018	1.10
2020	28.98
2019	248.70
2018	7.99
2018	6.69
2020	662.00
2019	1020.00
2020	3250.00
2020	63.65
2020	21.50
2019	103.90
2019	82.27
2012	31.80
2020	11500.00
2017	255.40
2013	214.20
2020	1780.00
2019	1151.00
2019	801.00
2018	132.60
2019	24.66
2020	15800.00
2018	37.44
2020	117.00
2019	4490.00
2017	97.00
2017	66.97
2019	1570.00
2012	35.70
2014	6.57
2020	7600.00
2019	1280.00
2016	95.00
2020	2450.00
2018	69.35
2018	6.08
2019	11.45
2020	0.45
2019	28.86
2014	10.10
2020	1200.00
2016	19.60
2015	7.12
2018	91.77
2020	67.22
2020	3080.00
2017	2450.00
2019	63.69
2017	25.40
2017	61.80
2020	2200.00
2000-2010	21.10
2018	3400.00
2018	24000.00
2019	9.72
2016	1.48
2016	5.84
2020	21.82
2018	5100.00
2017	1.55
2020	74.70
2018	45.00
2019	9500.00
2020	16660.00
2020	945.80
2020	263.90
2014	17.38
2020	505.21
2020	2700.00
2016	12.38
2015	82.80
2018	2267.00
2018	719.80
2018	8.09
2019	1.60
2018	21.00
2020	2100.00
2020	2500.00
2017	1.71
2019	47.00
2016	3.10
2018	163.00
2011	119.80
2018	201.16
2020	4030.00
2019	97.16
2020	347.95
2020	1100.00
2014	52.20
2013	18.70
2012	126.30
2012	25.40
2020	11200.00
2020	19500.00
2018	10.79
2019	2.79
2020	5200.00
2020	1.74
2018	432.00
2016	34.15
2019	43.68
2019	25.20
2019	9.76
2015	6.50
2012	87.01
2020	5260.00
2014	2.20
2020	17310.00
2011	31.43
2020	10900.00
2012	5.10
2020	1740.00
2020	13370.00
2020	4010.00
2020	39.97
2018	3000.00
2017	1500.00
2000-2010	187.10
2019	2100.00
2017	16.57
2019	831.00
2016	20.00
2019	18.07
2020	16.85
2017	4.40
2020	559.40
2020	6.37
2019	16.20
2020	4330.00
2019	49.21
2019	31.04
2019	8.08
2020	1.76
2017	47.63
2013	21.58
2018	277.87
2017	7.40
2020	1990.00
2019	126.81
2020	12.76
2013	251.60
2017	87.00
2013	84.40
2000-2010	19.80
2020	2150.00
2015	21.10
2020	14.18
2019	289.50
2020	20100.00
2018	0.30
2014	2.94
2020	4360.00
2020	66.00
2018	52.00
2020	232.00
2019	56.20
2017	57.38
2018	344.00
2013	3.42
2019	702.00
2019	65.00
2020	60.12
2019	391.60
2017	3420.00
2013	25.59
2019	161.23
2014	3.56
2014	4.21
2019	9.60
2015	10.70
2015	38.00
2015	21.90
2020	5200.00
2016	34.90
2014	41.80
2014	16.40
2014	4.60
2018	19.00
2019	15.20
2019	10900.00
2019	3.46
2020	282.26
2020	4.26
2020	20.30
2020	61.00
2020	11.36
2020	1700.00
2017	102.85
2000-2010	65.90
2019	26.30
2000-2010	45.40
2020	102.40
2020	256.30
2019	642.34
2017	1110.00
2018	547.04
2018	666.31
2020	7700.00
2019	15780.00
2018	72.40
2018	1480.00
2017	26.64
2017	60.51
2000-2010	40.00
2020	778.00
2016	34.00
2014	34.00
2016	79.96
2016	14.95
2021	6596.16
2021	12.76
2021	409.00
2022	3726.47
2023	171.00
2021	39.33
2021	1800.00
2021	900.00
2021	1000.00
2021	2000.00
2021	1500.00
2021	3100.00
2021	2458.00
2021	2800.00
2022	261.00
2022	212.94
2022	350.00
2022	18930.00
2023	37764.00
2023	35701.00
2023	36907.00
2023	36143.00
2023	34760.00
2023	41684.00
2023	36897.00
2023	7020.00
2023	553.04
2021	835.80
2022	250.60
2023	28970.00
2023	9510.00
2022	11330.00
2022	10320.00
2023	514.45
2022	38.97
2021	30.00
2023	1010.00
2021	629.00
2021	2549.00
2021	10657.00
2021	1938.00
2021	2583.00
2021	7021.00
2021	4931.00
2021	1944.00
2021	5486.00
2021	1223.00
2021	1719.00
2021	1071.00
2021	11907.00
2021	15164.00
2021	1867.00
2021	1855.00
2021	6555.00
2021	1023.00
2021	1825.00
2021	8393.00
2021	3284.00
2021	2093.00
2021	1728.00
2021	713.00
2021	1957.00
2021	955.00
2021	9380.00
2021	8984.00
2021	1665.00
2021	1220.00
2021	1280.00
2021	6260.00
2023	3963.00
2022	16.15
2021	1440.00
2021	18200.00
2021	14600.00
2021	17300.00
2021	8600.00
2021	17700.00
2021	10700.00
2021	7400.00
2021	12800.00
2021	23000.00
2021	15200.00
2021	11800.00
2021	5300.00
2021	21500.00
2021	14900.00
2021	6500.00
2021	7600.00
2021	8900.00
2021	9100.00
2021	20900.00
2021	13900.00
2021	12400.00
2021	11800.00
2021	10400.00
2021	15200.00
2021	15100.00
2021	6000.00
2021	17000.00
2021	10400.00
2021	17700.00
2021	9800.00
2021	13500.00
2021	12400.00
2021	3887.00
2021	2369.00
2021	2601.00
2022	10907.64
2022	10737.91
2022	13656.03
2022	23642.62
2022	3050.00
2021	658.00
2022	1200.00
2021	73.43
2021	1750.00
2021	12140.00
2021	3350.00
2022	1430.00
2023	23100.00
2021	82.10
2021	114.30
2023	19800.00
2021	8960.00
2021	22251.00
2022	3340.00
2022	6854.00
2022	2710.00
2022	6538.00
2022	2168.00
2022	2500.00
2023	1390.00
2023	431.00
2023	1928.00
2022	3200.00
2021	30980.00
2022	47670.00
2023	4180.00
2021	222.00
2021	8500.00
2022	5260.00
2022	600.00
2022	161.37
2022	710.75
2023	12500.00
2023	9600.00
2023	9680.00
2022	6400.53
2022	7600.00
2021	3000.00
2022	28200.00
2021	8600.00
2021	31930.00
2021	852.40
2021	7760.00
2021	4070.00
2021	5100.00
2021	12060.00
2021	6630.00
2021	7710.00
2021	6520.00
2021	10380.00
2021	14110.00
2021	18720.00
2021	1890.00
2022	9160.00
2022	1050.00
2022	560.00
2022	1010.00
2022	1780.00
2022	570.07
2022	530.07
2022	8500.00
2022	26150.00
2022	18780.00
2022	32500.00
2022	8232.12
2022	13334.49
2022	9973.50
2022	366.00
2022	300.00
2023	59720.00
2022	4270.00
2022	20600.00
2022	22500.00
2023	1370.00
2023	154.00
2022	549.44
2021	1650.00
2023	23512.00
2021	2890.00
2021	1500.00
2022	1500.00
2022	3800.00
2022	924.00
2022	6830.00
2022	7780.00
2022	10340.00
2022	733.89
2022	8060.00
2022	4620.00
2022	33270.00
2022	23810.00
2022	1960.00
2022	1100.00
2022	1800.00
2022	2100.00
2022	6600.00
2022	3500.00
2022	2800.00
2022	4100.00
2022	9600.00
2022	10600.00
2022	5500.00
2022	10100.00
2022	3000.00
2022	2100.00
2022	4100.00
2022	9790.00
2022	679.50
2022	92.10
2023	22700.00
2023	1710.00
2023	2044.00
2023	10641.00
2023	10317.00
2023	125.00
2023	1835.00
2023	15717.00
2023	2850.00
2023	4364.00
2023	2799.00
2023	2933.00
2023	1846.00
2023	134075.00
2023	12110.00
2021	14.00
2021	11978.00
2021	1100.00
2021	907.00
2021	1950.00
2021	39.37
2021	325.00
2022	24.00
2022	4940.68
2022	5160.00
2023	7570.00
2023	1250.00
2021	135.00
2021	1230.00
2022	9934.90
2022	11395.79
2022	12713.24
2022	12751.94
2022	13835.27
2022	13853.02
2022	14491.66
2022	15094.10
2022	15450.25
2022	15533.27
2022	9953.16
2022	12848.42
2022	13850.89
2022	14028.60
2022	14102.30
2022	14365.35
2022	14588.79
2022	14773.75
2022	14994.82
2022	15499.01
2022	15595.85
2022	1600.19
2022	1607.25
2022	1675.78
2022	2003.10
2022	2081.64
2022	2253.43
2022	2279.01
2022	2391.91
2022	2489.36
2022	2664.82
2022	2779.25
2022	3050.02
2022	3184.05
2022	3432.03
2022	3450.59
2022	3457.30
2022	3545.30
2022	3562.02
2022	3836.21
2022	4102.57
2022	4379.12
2022	4527.36
2022	4827.24
2022	5110.84
2022	6196.58
2022	6360.95
2022	6941.64
2022	13517.66
2022	5606.24
2022	11235.56
2022	14016.59
2022	11462.55
2022	14407.05
2022	7989.43
2022	11675.16
2022	11231.29
2022	10447.09
2022	10619.45
2022	9417.32
2022	11934.73
2022	14878.00
2022	16446.63
2022	7610.32
2022	9928.06
2022	7746.72
2022	13110.39
2022	11544.09
2022	8230.54
2022	14237.18
2022	10011.70
2022	11145.19
2022	11532.97
2022	7925.13
2022	10604.95
2022	13764.53
2022	17089.19
2022	9417.34
2022	14008.27
2022	11623.09
2022	12419.45
2022	7703.64
2022	13776.32
2022	9434.90
2022	12153.55
2022	10059.51
2022	10829.75
2022	14020.26
2022	11154.63
2022	12944.28
2022	10460.58
2022	12750.61
2022	9575.90
2022	12326.27
2022	9628.61
2022	10652.50
2022	10775.90
2022	15051.48
2022	15888.19
2022	10477.96
2022	11134.56
2022	12524.21
2022	10256.18
2022	6410.15
2022	6472.52
2022	14464.86
2022	13932.53
2022	18608.30
2022	11428.25
2022	8161.45
2022	11166.83
2022	10257.34
2022	10261.08
2022	11621.55
2022	9373.79
2022	12301.55
2022	10820.86
2022	14464.07
2022	8460.28
2022	12789.31
2022	10645.84
2022	7126.34
2022	12562.34
2022	16578.51
2022	14173.18
2022	11160.28
2022	12160.53
2022	11436.83
2022	14108.48
2022	13088.96
2022	13588.74
2022	11520.75
2022	9951.20
2022	10865.96
2022	17826.74
2022	11641.69
2022	9986.26
2022	13994.93
2022	13655.40
2022	12520.39
2022	10432.81
2022	14616.44
2022	10961.80
2022	17240.59
2022	11061.48
2022	11866.82
2022	13305.67
2022	10049.60
2022	6634.62
2022	15993.98
2022	14062.63
2022	7545.34
2022	6875.40
2022	11520.88
2022	13072.44
2022	11156.34
2022	14152.77
2022	11408.88
2022	15650.82
2022	9370.40
2022	7595.29
2022	16129.54
2022	10225.36
2022	5255.42
2022	13906.52
2022	11886.91
2022	8894.96
2022	10816.59
2022	15500.29
2022	12904.19
2022	11791.98
2022	7217.55
2022	13923.17
2022	16016.88
2022	6705.92
2022	10168.07
2022	10764.42
2022	7844.77
2022	16111.91
2022	13725.73
2022	13721.44
2022	15443.51
2022	9204.70
2022	9346.47
2022	9887.09
2022	9318.91
2022	4949.17
2022	10341.44
2022	13351.67
2022	14004.75
2022	9116.53
2022	9578.17
2022	13526.29
2022	15391.39
2022	12342.35
2022	11332.82
2022	8605.50
2022	10950.01
2022	11734.25
2022	11542.00
2022	13470.26
2022	10083.74
2022	12367.63
2022	15991.25
2022	10007.54
2022	17305.20
2022	10446.37
2022	12545.22
2022	12883.95
2022	10898.64
2022	12982.60
2022	17061.70
2022	13097.86
2022	13908.30
2022	10417.72
2022	9858.00
2022	14130.34
2022	7354.38
2022	11691.01
2022	3365.38
2022	13619.36
2022	11533.40
2022	9637.76
2022	7415.46
2022	16896.91
2022	13483.46
2022	12445.53
2022	12781.98
2022	9232.45
2022	16693.85
2022	11715.14
2022	14065.94
2022	10029.81
2022	7374.17
2022	10673.72
2022	14372.82
2022	11967.03
2022	13391.66
2022	6025.83
2022	14770.72
2022	8844.83
2022	12491.44
2022	5239.85
2022	15394.80
2022	9984.56
2022	10401.82
2022	10047.35
2022	10420.16
2022	11208.63
2022	11719.18
2022	13069.22
2021	86.00
2021	3100.00
2021	6198.00
2021	269.11
2021	221.00
2021	751.26
2021	11020.00
2021	8400.00
2021	1220.00
2021	14850.00
2021	2852.00
2021	2360.00
2021	2090.00
2021	1300.00
2021	4213.00
2021	1580.00
2021	616.85
2021	15360.00
2021	12680.00
2021	3770.00
2021	1540.00
2021	5280.00
2021	4680.00
2021	1280.20
2021	1860.00
2021	292.00
2021	3315.00
2021	2267.00
2021	8301.00
2021	4545.00
2021	2907.00
2021	588.00
2021	410.00
2021	1210.00
2021	4870.00
2021	13.00
2021	18490.00
2021	5500.00
2021	505.21
2021	881.20
2021	1710.00
2021	47.00
2021	6200.00
2021	806.60
2021	1470.00
2021	5170.00
2021	1800.00
2021	1300.00
2021	3200.00
2021	1700.00
2021	26500.00
2021	4400.00
2021	3700.00
2021	4400.00
2021	1480.00
2021	79.80
2021	68.70
2021	3211.00
2021	5290.00
2021	65570.00
2021	1740.00
2021	4590.00
2021	53740.00
2021	23800.00
2022	281.00
2022	164.00
2022	238.00
2022	24800.00
2022	2100.00
2022	4300.00
2022	4700.00
2022	1700.00
2022	2100.00
2022	2100.00
2022	4300.00
2022	4400.00
2022	3800.00
2022	5300.00
2022	3900.00
2022	4500.00
2022	19750.00
2022	1220.00
2022	870.00
2022	2880.00
2022	4307.00
2022	41300.00
2022	7970.00
2022	5823.30
2022	39560.36
2022	18260.00
2022	6410.96
2022	7340.00
2022	228.00
2022	1500.00
2023	4370.00
2023	6970.00
2023	157.99
2023	18590.00
2023	27480.00
2023	2823.00
2023	3030.00
2023	105170.00
2023	11000.00
2023	1870.00
2023	12000.00
2023	15300.00
2021	820.44
2021	185.09
2021	87.13
2021	2065.17
2021	75.81
2021	116.48
2021	139.43
2021	3479.16
2021	342.00
2021	402.33
2021	253.52
2021	385.21
2021	163.71
2021	288.99
2021	1580.00
2021	500.00
2021	500.00
2021	1900.00
2021	2200.00
2021	272.44
2021	24200.00
2021	3287.09
2021	305.76
2021	289.79
2021	3522.28
2021	1708.37
2021	2440.00
2022	6800.00
2022	4900.00
2022	2200.00
2022	4000.00
2022	4200.00
2022	4700.00
2022	1570.00
2022	1770.00
2022	12092.86
2022	12800.00
2022	961.58
2022	16220.00
2022	2300.00
2023	17400.00
2023	17500.00
2023	21534.09
2023	18988.43
2023	20077.03
2023	76900.00
2023	66744.00
2021	6799.00
2021	6556.00
2021	331.00
2022	1437.06
2021	5500.00
2022	5157.00
2022	42552.00
2022	21.03
2022	28646.14
2022	19769.89
2022	30680.50
2022	24157.70
2022	31210.30
2022	38573.35
2022	25992.53
2022	28148.40
2022	24904.66
2022	24394.16
2022	32221.27
2022	41556.49
2022	46617.19
2022	21364.74
2022	33713.26
2022	21065.78
2022	30611.71
2022	40524.74
2022	13707.72
2022	40565.69
2022	41588.03
2022	21182.09
2022	19807.09
2022	41697.49
2022	39124.67
2022	52167.30
2022	16886.62
2022	15526.37
2022	30450.03
2022	14349.95
2022	18163.48
2022	19105.40
2022	27721.62
2022	9366.62
2022	6634.70
2022	18842.62
2022	25596.30
2022	14020.64
2022	12333.94
2022	28812.41
2022	15801.64
2022	9743.61
2022	17250.85
2022	24140.79
2022	59600.55
2022	18890.98
2022	25917.17
2022	33062.19
2022	26988.32
2022	16146.75
2022	2490.98
2022	29420.00
2022	18619.26
2022	15455.72
2022	28649.12
2022	22570.06
2022	28567.61
2022	27804.82
2022	41709.02
2022	19254.05
2022	5461.16
2022	34585.03
2022	32102.30
2022	25106.69
2022	22231.02
2022	30686.79
2022	23716.78
2022	28923.31
2022	24537.53
2022	9728.58
2022	25266.90
2022	20951.57
2022	21995.38
2023	1600.00
2023	2700.00
2021	480.35
2021	42980.00
2021	1940.00
2021	9240.00
2021	13150.00
2021	1926.00
2022	752.00
2022	3800.00
2022	3800.00
2022	3600.00
2022	6400.00
2022	2100.00
2022	11500.00
2022	13400.00
2022	381.90
2022	5637.00
2022	7298.00
2022	75270.00
2022	8980.00
2022	19800.00
2022	22900.00
2022	10500.00
2022	11200.00
2022	20100.00
2022	28800.00
2022	7700.00
2023	631.00
2023	485.00
2023	515.00
2023	468.00
2023	1198.00
2023	691.00
2023	2074.00
2023	933.00
2023	634.00
2023	273.00
2023	498.00
2023	651.00
2023	14500.00
2023	25570.00
2023	5150.00
2023	3100.00
2023	61620.00
2023	3100.00
2023	79180.00
2023	5400.00
2023	5100.00
2023	4200.00
2023	3800.00
2023	425.00
2023	2002.00
2023	449.00
2023	15538.00
2023	546.00
2023	579.00
2023	600.00
2023	2513.00
2023	2079.00
2023	678.00
2023	3691.00
2023	181203.00
2023	1782.03
2023	908.73
2023	460.18
2023	3586.53
2023	20595.80
2023	490.25
2023	751.66
2023	1340.71
2023	1755.03
2023	314.15
2023	817.52
2023	473.38
2023	435.04
2023	456.28
2023	2928.22
2023	382.84
2023	1025.36
2023	1161.55
2023	1585.10
2023	299.05
2023	1534.40
2023	962.62
2023	259.20
2023	421.43
2023	1145.11
2023	688.59
2023	1091.81
2023	406.75
2023	513.80
2023	21128.88
2023	2061.30
2023	721.40
2023	716.09
2023	1002.76
2023	336.75
2023	854.32
2023	459.40
2023	2754.56
2023	448.37
2023	2150.88
2023	945.33
2023	1327.07
2023	1265.49
2023	459.46
2023	438.21
2023	1005.75
2023	733.27
2023	382.94
2023	359.64
2023	508.82
2023	503.59
2023	818.31
2023	861.76
2023	1567.04
2023	1286.17
2023	737.60
2023	5214.07
2023	984.17
2023	419.08
2023	227.79
2023	1435.52
2023	487.30
2023	861.78
2023	437.98
2023	1031.05
2023	1135.43
2023	856.02
2023	20967.56
2023	724.53
2023	968.62
2023	1143.17
2023	859.75
2023	2628.15
2023	414.38
2023	462.55
2023	465.20
2023	397.31
2023	312.68
2023	830.00
2023	1142.35
2023	1366.92
2023	802.25
2023	217.63
2023	1427.03
2023	126.88
2023	326.27
2023	5005.34
2023	1540.75
2023	290.02
2023	5539.07
2023	3275.66
2023	612.48
2023	1381.76
2023	5545.48
2023	443.13
2023	1499.85
2023	668.76
2023	313.69
2023	535.06
2023	143.83
2023	584.54
2023	513.74
2023	3763.89
2023	473.55
2023	867.20
2023	2262.29
2023	1686.04
2023	927.92
2023	5497.66
2023	397.98
2021	1410.00
2021	4650.00
2021	1880.00
2021	1740.00
2021	4270.00
2021	6160.00
2021	2920.00
2021	1550.00
2022	1578.00
2023	78.00
2023	2430.00
2023	10800.00
2023	1100.00
2023	5280.00
2023	4900.00
2023	72150.00
2023	13520.00
2023	13770.00
2021	1507.00
2021	2400.00
2021	1500.00
2021	638.00
2021	351.00
2022	1900.00
2022	83.00
2023	249.86
2023	7127.00
2021	76.10
2021	185.50
2021	10750.00
2021	16.10
2021	3000.00
2021	734.00
2021	32091.00
2021	2890.00
2021	100.60
2022	4480.00
2022	3818.14
2022	3956.00
2022	29398.13
2022	16300.00
2022	892.05
2022	892.05
2022	2039.16
2022	677.86
2023	19400.00
2023	10640.00
2023	3630.00
2021	311.70
2021	68.40
2021	311.70
2021	68.40
2021	1357.00
2021	1867.00
2021	1908.00
2021	9340.00
2021	3980.00
2021	828.00
2021	4290.00
2021	1290.00
2021	3160.00
2021	908.00
2021	9830.00
2022	1570.00
2022	11490.00
2022	1230.00
2023	24640.00
2023	8290.00
2023	1369.00
2021	844.00
2022	36662.70
2021	9480.00
2021	10120.00
2021	7600.00
2021	6400.00
2021	20700.00
2021	245.70
2021	2500.00
2021	1600.00
2021	2850.00
2021	1710.00
2021	32600.00
2021	1220.00
2021	709.00
2022	155.50
2022	24630.00
2022	14980.00
2022	4050.00
2022	23600.00
2022	130.00
2022	17340.00
2022	4550.00
2022	381.96
2022	7170.00
2022	1610.00
2022	92.53
2022	1287.00
2022	2701.00
2022	720.80
2022	3868.53
2022	13482.10
2022	36020.00
2023	41459.00
2022	11990.00
2022	906.00
2022	99000.00
2023	25500.00
2023	17500.00
2023	24330.00
2023	31300.00
2021	86.36
2021	12.47
2021	36.74
2021	70.00
2021	51.20
2021	17000.00
2021	51.60
2021	650.00
2021	464.00
2021	40.00
2021	64800.00
2021	75300.00
2021	97680.00
2021	211.20
2021	258.20
2021	96840.00
2022	2970.00
2022	18000.00
2022	564.00
2022	1340.00
2022	517.00
2022	10800.00
2022	21000.00
2022	1053.47
2022	477.64
2022	651.80
2022	13701.39
2022	43800.00
2022	500.00
2022	650.00
2022	122262.00
2023	1600.00
2023	11625.27
2023	1209.00
2023	1530.00
2023	1095.00
2021	16770.00
2021	6960.00
2021	11740.00
2021	605.00
2021	38861.00
2021	657.00
2022	2540.00
2022	188.00
2022	207.00
2022	1414.00
2022	3797.90
2022	35895.00
2022	4480.00
2022	1370.00
2022	2910.00
2022	65000.00
2023	24390.00
2023	23900.00
2023	4300.00
2022	16500.00
2021	1730.00
2021	2070.00
2022	19650.00
2022	10255.89
2022	18000.00
2022	26000.00
2022	2090.00
2022	21400.00
2022	9360.00
2023	18949.97
2023	80.20
2023	1851.12
2022	11930.00
2022	497.00
2022	5720.00
2022	593.70
2022	5124.00
2022	1921.46
2022	2630.00
2022	2880.00
2022	12100.00
2022	5100.00
2022	1645.00
2022	12320.00
2022	6740.00
2022	8400.00
2022	3801.60
2022	15070.00
2022	186.00
2022	18300.00
2022	4800.00
2022	2190.00
2022	25400.00
2022	5050.00
2022	44850.00
2022	15400.00
2022	19000.00
2022	18000.00
2022	3900.00
2022	17260.00
2023	27510.00
2023	26700.00
2023	43800.00
2023	21700.00
2023	35870.00
2023	33410.00
2023	34340.00
2023	1689.00
2023	25935.00
2023	6002.99
2023	45710.00
2023	75380.00
2023	16980.00
2023	3076.00
2021	2620.00
2021	8041.00
2022	463.00
2022	10600.00
2022	18700.00
2023	21722.32
2023	24.50
2023	74900.00
2023	30000.00
2023	7285.00
2021	3340.00
2023	35960.00
2021	11690.00
2021	17040.00
2021	5326.00
2023	11300.00
2023	14100.00
2023	2100.00
2023	19600.00
2023	3500.00
2023	6236.00
2022	22130.00
2022	12600.00
2021	1637.00
2023	42500.00
2021	5090.00
2021	1580.00
2021	1210.00
2021	730.00
2021	69600.00
2022	602.90
2022	31630.51
2022	82161.02
2022	2920.00
2022	2650.00
2021	1438.00
2021	205.00
2022	22500.00
2022	1056.63
2022	1410.46
2022	4001.36
2022	1334.32
2022	1005.71
2022	1000.43
2022	24864.76
2022	27338.68
2022	20924.68
2022	31071.07
2022	23343.17
2022	25857.20
2022	23694.69
2022	25531.84
2022	26107.60
2022	28557.25
2022	29472.91
2022	24246.65
2022	27041.62
2022	27600.66
2022	19706.06
2022	30494.89
2022	31358.72
2022	31466.13
2022	25818.03
2022	31207.83
2022	26931.66
2022	22992.02
2022	26862.64
2022	20456.30
2022	24475.90
2022	30254.78
2022	30614.91
2022	30106.52
2022	26449.81
2022	25342.12
2022	31180.46
2022	26742.40
2022	904.36
2022	25582.89
2022	26846.10
2022	30016.31
2022	18029.96
2022	20956.00
2022	24799.34
2022	26729.27
2022	23500.30
2022	21315.33
2022	30518.01
2022	22451.19
2022	23418.08
2022	28504.67
2022	24654.41
2022	29362.30
2022	23802.94
2022	20718.91
2022	17510.15
2022	23748.41
2022	25045.80
2022	30319.90
2022	27173.03
2022	26001.59
2022	16791.83
2022	12583.18
2022	20819.16
2022	20272.63
2022	4158.31
2022	20953.75
2022	22998.54
2022	26682.89
2022	593.09
2022	1826.92
2022	23512.33
2022	28397.20
2022	26629.21
2021	1500.00
2021	5300.00
2021	21200.00
2021	15.62
2021	23.38
2021	18.25
2021	29.52
2021	23.59
2021	24.74
2021	20.71
2021	17.77
2021	12.50
2021	18.63
2021	10.18
2021	23.61
2021	30.36
2021	56.71
2021	12.37
2021	7100.00
2021	784.56
2021	16657.00
2021	6490.00
2021	872.00
2021	335.00
2021	611.00
2021	27500.00
2021	17600.00
2021	5470.00
2021	2540.00
2021	377.60
2021	3300.00
2021	6880.00
2021	7550.00
2022	12206.00
2022	1370.00
2022	1154.00
2022	2900.00
2022	2640.00
2022	1080.00
2022	6340.00
2022	74692.58
2022	9012.84
2022	15326.68
2022	87391.07
2022	1397.09
2023	1630.00
2021	1180.00
2022	2570.00
2022	447.85
2022	1740.00
2023	2300.00
2023	31012.11
2022	1642.00
2021	194.00
2022	4900.00
2022	1610.00
2022	2549.12
2022	1865.01
2022	5221.82
2022	10557.15
2022	22.45
2022	2200.00
2022	4110.00
2021	1989.00
2021	990.00
2021	2907.00
2021	1959.00
2021	1942.00
2021	2300.00
2021	2750.00
2022	320.00
2022	440.00
2022	3456.00
2022	28.58
2022	2057.59
2022	2843.26
2022	370.00
2022	425.00
2022	1189.62
2023	22687.00
2023	4210.00
2021	1450.00
2021	21230.00
2021	340.00
2021	394.00
2021	1114.00
2021	1241.00
2021	245.00
2021	6614.00
2021	7490.00
2021	2410.00
2021	3190.00
2021	6866.80
2021	6866.80
2022	13300.00
2022	13300.00
2022	2150.00
2022	130.00
2022	17300.00
2023	75.50
2022	6250.00
2022	2190.00
2022	6175.96
2022	7330.00
2022	3525.00
2022	3451.00
2022	3310.00
2022	10740.00
2022	15700.00
2022	15200.00
2022	12500.00
2022	12200.00
2022	14000.00
2022	15800.00
2022	15800.00
2022	13700.00
2022	8800.00
2022	15800.00
2022	15800.00
2022	8900.00
2022	8910.00
2022	8070.00
2023	38260.00
2023	3510.00
2023	10800
2023	21960.00
2023	1710.00
2021	2900.00
2021	341.40
2021	702.90
2021	2330.00
2021	10510.00
2021	11200.00
2021	3865.00
2021	33985.00
2021	386.60
2021	15430.00
2021	4130.00
2021	2300.00
2021	326.00
2021	11650.00
2021	21330.00
2021	8130.00
2021	26800.00
2021	46000.00
2021	824.14
2021	951.00
2021	691.00
2022	15.60
2022	68500.00
2022	966.90
2022	946.90
2022	414.00
2022	872.00
2022	418.00
2022	1001.00
2022	6340.00
2022	1200.00
2022	1337.42
2022	253.76
2022	2521.02
2022	1256.98
2022	1660.00
2022	1650.00
2022	9100.00
2022	4130.00
2022	25423.38
2022	1570.00
2022	6880.00
2022	9110.00
2022	7380.00
2022	12130.00
2022	6750.00
2022	15490.00
2022	9260.00
2022	11890.00
2022	5690.00
2022	4290.00
2022	13810.00
2022	12550.00
2022	12630.00
2022	10690.00
2022	9720.00
2022	6040.00
2022	1940.00
2022	10680.00
2022	5780.00
2022	5450.00
2022	7920.00
2022	8030.00
2022	11240.00
2022	4900.00
2022	8180.00
2022	4020.00
2022	15670.00
2022	7440.00
2022	7930.00
2022	1068.93
2022	6570.00
2022	1110.00
2022	26560.00
2023	1400.00
2023	18310.00
2023	2149.60
2023	2232.75
2023	5391.62
2023	1118.78
2023	88.00
2023	13320.00
2023	18220.00
2021	11614.50
2021	27971.00
2021	35784.40
2021	13620.00
2021	28631.00
2021	25936.60
2021	49004.20
2021	34102.20
2021	24976.90
2021	39624.10
2021	27807.20
2021	19070.70
2021	16177.70
2021	31403.50
2021	19642.50
2021	35600.00
2021	21337.60
2021	11203.10
2021	28817.90
2021	30489.40
2021	6254.90
2021	11426.60
2021	9552.60
2021	11339.10
2021	49767.10
2021	52355.10
2021	22079.00
2023	1969.00
2023	1600.00
2022	11100.00
2023	530.00
2021	13.11
2021	1578.60
2021	30.70
2021	6010.00
2022	52000.00
2022	73.30
2023	3050.00
2023	39940.00
2023	14000.00
2021	5400.00
2022	86.00
2022	482.00
2022	5925.38
2022	237.00
2022	13000.00
2022	836.61
2023	26930.00
2021	3100.00
2021	4970.00
2021	612.99
2021	24700.00
2021	4180.00
2022	22637.44
2022	26470.14
2022	24419.08
2022	25948.27
2022	4900.00
2022	18920.00
2023	12384.00
2023	9830.00
2023	30041.00
2023	49984.00
2023	104.22
2023	18250.00
2022	12600.00
2021	11500.00
2021	11590.00
2021	53.00
2021	54.00
2021	55.00
2021	78.00
2021	77.00
2021	71.00
2021	60.00
2021	64.00
2021	54.00
2021	102.00
2021	826.00
2021	1063.00
2021	272.00
2021	336.00
2021	1037.00
2021	504.00
2021	671.00
2021	1340.00
2021	479.00
2021	1273.00
2021	250.00
2021	324.00
2021	905.00
2021	1413.00
2021	689.00
2021	408.00
2021	5990.00
2021	2927.00
2021	14297.00
2022	1002.00
2022	26.00
2022	2654.25
2022	2751.61
2022	6783.95
2022	149.78
2023	11900.00
2023	11200.00
2023	13000.00
2023	9900.00
2023	3400.00
2023	10700.00
2022	2000.00
2021	7000.00
2023	352.00
2022	15310.00
2022	241.00
2022	2248.00
2022	1331.00
2023	9899.00
2023	3254.00
2022	1406.00
2022	1639.00
2021	29600.00
2022	12520.00
2022	1182.00
2022	1618.00
2022	28340.00
2022	32380.00
2022	16860.00
2022	19420.00
2023	88.70
2021	1494.00
2021	2180.00
2021	176.33
2021	9849.00
2021	10738.00
2021	11038.00
2021	2440.00
2021	35590.00
2021	420.00
2021	4700.00
2022	2360.00
2021	2144.00
2022	1270.00
2022	14140.00
2022	1800.00
2022	26040.00
2022	2240.00
2022	28320.00
2022	3750.00
2022	50.25
2022	871.79
2023	3167.25
2023	1771.07
2023	176.25
2023	1403.42
2023	302.55
2023	720.86
2023	433.90
2023	3012.31
2023	236.20
2023	2281.75
2022	145.43
2022	6360.00
2022	24188.00
2022	27857.00
2022	29390.00
2022	1200.00
2022	4750.00
2022	2220.00
2022	51340.00
2022	2010.00
2022	5700.00
2022	6000.00
2022	2650.00
2022	450.00
2022	2450.00
2022	2170.00
2022	3650.00
2022	3390.00
2022	13886.54
2022	10226.00
2022	7900.00
2022	17300.00
2022	2100.00
2022	1460.00
2022	420.00
2023	21800.00
2023	17100.00
2023	1330.00
2023	17.06
2023	11869.77
2023	11000.00
2023	695.29
2023	2910.00
2023	2018.00
2023	18255.00
2023	19023.00
2023	21597.00
2023	12740.00
2023	16071.00
2023	6343.00
2023	31600.00
2023	76960.00
2023	40950.00
2023	29800.00
2023	870.00
2023	28196.00
2023	48976.00
2021	42.00
2021	27.00
2021	2140.00
2021	1521.17
2021	1524.72
2022	13.53
2022	11.11
2023	2020.00
2021	5925.00
2022	123.86
2022	649.96
2022	6200.00
2023	804.25
2023	335.52
2023	300.36
2023	319.30
2023	232.30
2023	383.13
2023	435.71
2023	325.52
2023	396.09
2023	532.84
2023	442.89
2023	12.00
2023	12.00
2023	13.00
2023	12.00
2023	12.00
2023	13.00
2023	12.00
2023	16.00
2023	15.00
2023	74.00
2021	170.00
2022	10.57
2023	55.15
2023	7200.00
2022	1870.00
2022	5600.00
2023	3255.00
2023	248.70
2023	69.00
2023	180560.00
2023	1424.70
2023	1900.00
2023	14.35
2023	27.09
2023	16.90
2023	20.84
2023	19.67
2023	20.53
2023	23470.00
2023	16880.00
2023	1391.02
2023	48171.71
2023	3273.94
2023	11117.30
2023	31111.00
2023	237.14
2023	13290.00
2023	17620.00
2023	88960.00
2023	32986.92
2023	3465.82
2023	7530.00
2023	3620.91
2023	3475.48
2023	12139.91
2023	21961.44
2023	6300.00
2023	7950.00
2023	4950.58
2023	9636.08
2023	11210.00
2023	3648.61
2023	3639.16
2023	35415.00
2023	27704.00
2023	46203.00
2023	1900.00
2023	14300.00
2023	14200.00
2023	11300.00
2023	8900.00
2023	16936.78
2023	54055.38
2023	1900.00
2023	3200.00
2023	54.51
2023	19.14
2023	116.61
2023	38.16
2023	107.75
2023	55904.39
2023	54363.39
2023	82900.00
2023	55200.00
2023	4800.00
2023	10300.00
2023	3200.00
2023	1600.00
2023	16800.00
2023	4200.00
2023	12700.00
2023	2600.00
2023	1600.00
2023	1900.00
2023	3600.00
2023	5300.00
2023	4000.00
2023	5200.00
2023	507270.00
2023	7320.00
2023	109820.00
2023	81660.00
2023	2317.53
2023	1330.00
2023	1340.00
2023	35672.97
2023	34698.66
2023	7100.00
2023	1900.00
2023	1400.00
2023	430900.00
2023	88.46
2023	42.25
2023	42724.82
2023	304.80
2023	3451.74
2023	3525.66
2023	2601.76
2023	42376.54
2023	16527.12
2023	18582.14
2023	21630.05
2023	14728.20
2023	12232.78
2023	28158.78
2023	41060.50
2023	17819.62
2023	23112.57
2023	17703.04
2023	21560.00
2023	110.84
2023	45.66
2023	3851.19
2023	42264.24
2023	9800.00
2023	32.13
2023	7160.00
2023	126500.00
2023	129400.00
2023	71700.00
2023	9080.00
2023	1345.85
2023	474.02
2023	41362.95
2023	1924.46
2023	844.00
2023	15304.95
2023	15304.95
2023	16200.00
2023	2139.93
2023	11430.00
2023	330.63
2023	513.85
2023	50700.00
2023	90000.00
2023	10260.00
2023	11860.00
2023	25567.09
2023	29343.00
2023	15150.00
2023	4490.56
2023	22190.00
2023	304.50
2023	17860.00
2023	24170.00
2023	1145.03
2023	5508.00
2023	24506.00
2023	3910.00
2023	80390.00
2023	12120.00
2023	18230.00
2023	11600.00
2023	11800.00
2023	1201.04
2023	28480.00
2023	311288.00
2023	5400.00
2023	1300.00
2023	1880.00
2023	1780.00
2023	49320.00
2023	18.15
2023	44.90
2023	27583.54
2023	1100.00
2023	35381.85
2023	31913.88
2023	18400.00
2023	11323.39
2023	18869.15
2023	21444.43
2023	11270.00
2023	3820.00
2023	2773.52
2023	2311.91
2023	953.45
2023	88470.00
2023	3300.00
2023	84830.00
2023	597.00
2023	38650.00
2023	1810.00
2023	19844.74
2023	25168.37
2023	2526.43
2023	310.10
2023	2600.00
2023	2300.00
2023	7200.00
2023	2600.00
2023	120.10
2023	6604.03
2023	2770.00
2023	351.71
2023	12914.00
2023	18100.98
2023	7808.52
2023	3559.99
2023	910.00
2023	39.37
2023	14342.62
2023	848.46
2023	1230.00
2023	23395.51
2023	13060.00
2023	310.00
2023	310.00
2023	960.00
2023	960.00
2023	680.00
2023	680.00
2023	1060.00
2023	1060.00
2023	1140.00
2023	1140.00
2023	570.00
2023	570.00
2023	490.00
2023	490.00
2023	1090.00
2023	1090.00
2023	800.00
2023	800.00
2023	1550.00
2023	21400.00
2023	15196.10
2023	10281.54
2023	4080.00
2023	43438.76
2023	30170.99
2023	7525.32
2023	5650.00
2023	7600.00
2023	7200.00
2023	7325.66
2023	1400.00
2023	1170.00
2023	7350.00
2023	10720.00
2023	6940.00
2023	9060.00
2023	12320.00
2023	6960.00
2023	10610.00
2023	6720.00
2023	9610.00
2023	8220.00
2023	12410.00
2023	9020.00
2023	6270.00
2023	20300.00
2023	7540.00
2023	7970.00
2023	9870.00
2023	7820.00
2023	13220.00
2023	10380.00
2023	14610.00
2023	11950.00
2023	6280.00
2023	7840.00
2023	14270.00
2023	7520.00
2023	13730.00
2023	9930.00
2023	5910.00
2023	8660.00
2023	8080.00
2023	17560.00
2023	32800.00
2023	33272.19
2023	24064.48
2023	37230.94
2023	39172.73
2023	32792.75
2023	37013.40
2023	36685.13
2023	36166.84
2023	32991.99
2023	852.00
2023	881.00
2023	824.00
2023	706.00
2023	2237.00
2023	919.00
2023	538.00
2023	777.00
2023	706.00
2023	1706.00
2023	777.00
2023	407.00
2023	1250.00
2023	1340.00
2023	382.00
2023	1116.00
2023	517.00
2023	1688.00
2023	35.15
2023	45.88
2023	42.13
2023	29.50
2023	24.90
2023	1872.40
2023	38.96
2023	45.44
2023	36.03
2023	40.32
2023	18099.62
2023	5164.58
2023	8096.14
2023	5554.40
2023	9019.23
2023	8260.80
2023	6443.55
2023	6248.23
2023	8861.63
2023	9004.65
2023	6101.67
2023	11710.19
2023	11273.30
2023	9486.85
2023	12524.43
2023	9749.08
2023	18184.00
2023	10089.10
2023	11347.80
2023	11277.60
2023	13752.04
2023	17122.99
2023	17319.78
2023	18824.25
2023	15250.01
2023	16149.41
2023	18040.67
2023	14051.40
2023	27254.08
2023	22269.74
2023	19724.62
2023	18402.06
2023	12682.46
2023	52460.83
2023	37578.26
2023	38006.13
2023	31700.00
2023	29260.00
2023	52033.91
2023	23100.00
2023	42440.00
2023	26300.00
2023	26500.00
2023	28700.00
2023	131200.00
2023	25000.00
2023	26000.00
2023	33700.00
2023	32600.00
2023	32000.00
2023	24485.00
2023	20900.00
2023	48762.59
2023	12040.00
2023	9850.00
2023	9730.00
